35
2 34 32 7 15 5 46 20 0 7 13 17 24 9 0 47 24 9 28 49 2 12 38 14 12 22 20 26 22 16 34 10 17 27 20 
47
24 33 17 3 10 25 37 26 3 22 15 27 30 49 22 34 7 34 5 18 35 21 11 15 18 46 16 4 45 18 32 31 14 15 4 29 24 17 2 18 10 23 28 37 8 12 7 
10
32 16 22 33 8 5 14 15 40 19 
22
17 33 21 42 17 43 42 30 37 27 12 29 27 3 3 25 45 21 0 13 43 43 
41
2 0 5 1 3 16 4 3 6 18 20 23 3 42 26 48 20 45 26 48 27 22 22 42 42 13 8 48 8 29 27 40 14 13 24 17 5 39 34 46 21 
41
24 2 32 27 29 18 14 15 7 1 2 3 37 14 42 18 9 35 3 27 35 22 2 27 22 29 9 16 20 18 16 45 19 19 26 8 17 15 1 0 5 
25
9 16 33 36 7 39 0 43 32 26 8 16 42 23 1 41 22 0 47 9 7 22 18 49 6 
25
45 0 20 10 20 31 23 3 29 40 22 8 10 27 13 7 10 27 27 45 8 39 17 29 36 
15
42 43 12 33 33 22 23 23 0 17 45 1 0 44 44 
10
7 29 7 0 49 0 29 4 17 48 
23
2 5 49 28 0 41 9 45 9 6 8 2 7 33 21 28 22 20 32 43 33 36 22 
48
19 19 20 36 28 48 28 35 3 27 35 22 2 27 22 29 9 16 20 18 16 45 19 19 26 8 17 15 1 0 5 15 9 16 33 36 7 39 0 43 32 26 8 16 42 23 1 41 
44
0 47 9 7 22 18 49 6 1 45 0 20 10 20 31 23 3 29 40 22 8 10 27 13 7 10 27 27 45 8 39 17 29 36 47 42 43 12 33 33 22 23 23 0 
37
45 1 0 44 44 12 7 29 7 0 49 0 29 4 17 48 19 2 5 49 28 0 41 9 45 9 6 8 2 7 33 21 28 22 20 32 43 
55
36 22 26 19 19 20 36 28 48 28 35 3 27 35 22 2 27 22 29 9 16 20 18 16 45 19 19 26 8 17 15 1 0 5 15 9 16 33 36 7 39 0 43 32 26 8 16 42 23 1 41 22 0 47 9 
17
22 18 49 6 1 45 0 20 10 20 31 23 3 29 40 22 8 
40
27 13 7 10 27 27 45 8 39 17 29 36 47 42 43 12 33 33 22 23 23 0 17 45 1 0 44 44 12 7 29 7 0 49 0 29 4 17 48 19 
28
5 49 28 0 41 9 45 9 6 8 2 7 33 21 28 22 20 32 43 33 36 22 26 19 19 20 36 28 
38
28 35 3 27 35 22 2 27 22 29 9 16 20 18 16 45 19 19 26 8 17 15 1 0 5 15 9 16 33 36 7 39 0 43 32 26 8 16 
36
23 1 41 22 0 47 9 7 22 18 49 6 1 45 0 20 10 20 31 23 3 29 40 22 8 10 27 13 7 10 27 27 45 8 39 17 
5
36 47 42 43 12 
1
33 
22
23 23 0 17 45 1 0 44 44 12 7 29 7 0 49 0 29 4 17 48 19 2 
7
49 28 0 41 9 45 9 
24
8 2 7 33 21 28 22 20 32 43 33 36 22 26 19 19 20 36 28 48 28 35 3 27 
35
22 2 27 22 29 9 16 20 18 16 45 19 19 26 8 17 15 1 0 5 15 9 16 33 36 7 39 0 43 32 26 8 16 42 23 
1
41 
44
0 47 9 7 22 18 49 6 1 45 0 20 10 20 31 23 3 29 40 22 8 10 27 13 7 10 27 27 45 8 39 17 29 36 47 42 43 12 33 33 22 23 23 0 
37
45 1 0 44 44 12 7 29 7 0 49 0 29 4 17 48 19 2 5 49 28 0 41 9 45 9 6 8 2 7 33 21 28 22 20 32 43 
55
36 22 26 19 19 20 36 28 48 28 35 3 27 35 22 2 27 22 29 9 16 20 18 16 45 19 19 26 8 17 15 1 0 5 15 9 16 33 36 7 39 0 43 32 26 8 16 42 23 1 41 22 0 47 9 
17
22 18 49 6 1 45 0 20 10 20 31 23 3 29 40 22 8 
40
27 13 7 10 27 27 45 8 39 17 29 36 47 42 43 12 33 33 22 23 23 0 17 45 1 0 44 44 12 7 29 7 0 49 0 29 4 17 48 19 
28
5 49 28 0 41 9 45 9 6 8 2 7 33 21 28 22 20 32 43 33 36 22 26 19 19 20 36 28 
38
28 35 3 27 35 22 2 27 22 29 9 16 20 18 16 45 19 19 26 8 17 15 1 0 5 15 9 16 33 36 7 39 0 43 32 26 8 16 
36
23 1 41 22 0 47 9 7 22 18 49 6 1 45 0 20 10 20 31 23 3 29 40 22 8 10 27 13 7 10 27 27 45 8 39 17 
5
36 47 42 43 12 
1
33 
22
23 23 0 17 45 1 0 44 44 12 7 29 7 0 49 0 29 4 17 48 19 2 
7
49 28 0 41 9 45 9 
24
8 2 7 33 21 28 22 20 32 43 33 36 22 26 19 19 20 36 28 48 28 35 3 27 
35
22 2 27 22 29 9 16 20 18 16 45 19 19 26 8 17 15 1 0 5 15 9 16 33 36 7 39 0 43 32 26 8 16 42 23 
1
41 
44
0 47 9 7 22 18 49 6 1 45 0 20 10 20 31 23 3 29 40 22 8 10 27 13 7 10 27 27 45 8 39 17 29 36 47 42 43 12 33 33 22 23 23 0 
37
45 1 0 44 44 12 7 29 7 0 49 0 29 4 17 48 19 2 5 49 28 0 41 9 45 9 6 8 2 7 33 21 28 22 20 32 43 
55
36 22 26 19 19 20 36 28 48 28 35 3 27 35 22 2 27 22 29 9 16 20 18 16 45 19 19 26 8 17 15 1 0 5 15 9 16 33 36 7 39 0 43 32 26 8 16 42 23 1 41 22 0 47 9 
17
22 18 49 6 1 45 0 20 10 20 31 23 3 29 40 22 8 
40
27 13 7 10 27 27 45 8 39 17 29 36 47 42 43 12 33 33 22 23 23 0 17 45 1 0 44 44 12 7 29 7 0 49 0 29 4 17 48 19 
28
5 49 28 0 41 9 45 9 6 8 2 7 33 21 28 22 20 32 43 33 36 22 26 19 19 20 36 28 
38
28 35 3 27 35 22 2 27 22 29 9 16 20 18 16 45 19 19 26 8 17 15 1 0 5 15 9 16 33 36 7 39 0 43 32 26 8 16 
36
23 1 41 22 0 47 9 7 22 18 49 6 1 45 0 20 10 20 31 23 3 29 40 22 8 10 27 13 7 10 27 27 45 8 39 17 
0
